0
1
2
3
0
4
0
4
3
5
0
3
5
6
7
0
0
7
7
3
5
0
8
3
0
7
2
5
0
0
4
9
5
5
0
4
10
11
12
4
5
13
0
0
2
3
5
9
3
3
14
15
5
5
0
5
0
5
3
9
5
7
4
6
5
5
7
3
5
2
16
5
3
3
14
5
5
3
2
5
9
3
17
0
5
5
4
5
1
14
4
0
5
0
0
5
5
5
5
3
11
5
5
5
10
3
5
5
11
5
9
3
0
9
0
4
0
12
0
5
0
5
5
9
5
5
3
5
5
5
3
4
5
4
4
0
3
5
8
0
0
5
0
0
5
11
3
18
5
11
14
5
3
2
5
4
5
0
5
0
2
5
5
11
5
5
9
11
3
11
3
19
3
0
11
4
3
5
1
0
5
9
3
3
4
2
0
3
0
5
4
5
3
2
5
5
11
4
0
3
20
3
15
5
5
3
0
8
0
4
4
7
9
0
3
9
5
5
9
5
5
0
9
5
5
5
9
3
5
0
9
0
0
5
9
8
0
21
1
3
5
6
4
8
5
0
3
9
7
4
0
9
22
14
7
0
8
5
5
5
3
5
3
19
5
5
5
3
4
0
0
5
3
4
0
3
0
5
3
5
0
4
3
8
2
2
0
0
0
3
5
1
3
3
5
3
1
3
9
0
3
0
5
0
8
5
23
5
5
5
5
2
22
11
0
4
24
5
25
2
0
5
5
8
11
3
5
0
9
4
0
9
3
3
0
5
22
7
26
7
5
0
3
15
5
3
3
8
11
0
5
3
0
3
3
0
3
0
9
25
3
9
3
27
0
5
3
0
4
0
4
3
3
5
3
22
9
7
5
2
9
11
4
5
0
28
13
5
3
3
3
5
2
3
4
5
9
0
7
5
4
2
3
5
2
5
4
5
9
4
7
0
0
3
4
0
0
0
3
25
5
4
2
3
2
1
0
9
3
8
4
0
10
5
0
2
5
5
5
0
5
3
5
29
4
0
4
0
5
0
25
5
5
4
25
7
0
2
0
0
9
20
3
9
5
7
2
4
4
0
3
0
0
5
13
4
30
3
5
4
11
5
9
0
5
2
10
4
2
0
15
4
5
4
3
0
0
5
5
4
5
4
4
9
3
4
13
0
3
3
5
9
5
0
0
7
4
6
5
3
5
2
4
5
7
3
31
3
11
0
9
8
32
4
0
5
2
4
2
4
5
4
3
10
0
5
0
4
5
0
2
5
4
5
4
11
9
3
3
5
0
5
3
12
4
5
5
3
0
5
12
22
3
5
0
5
1
22
0
4
11
5
4
0
0
24
3
5
4
11
9
5
5
3
0
3
5
3
5
5
3
0
4
0
0
7
5
11
5
0
8
3
0
3
5
3
3
2
5
5
5
8
11
4
3
5
5
5
5
11
3
5
2
0
33
5
0
4
4
3
5
5
2
0
5
11
4
5
7
3
3
2
5
3
24
0
27
30
9
11
5
2
12
15
0
7
5
5
5
11
0
0
5
4
11
2
1
5
8
3
2
0
5
3
3
4
0
5
0
2
3
0
5
0
3
0
5
5
2
5
3
19
5
1
0
0
2
0
3
2
9
0
4
5
5
34
5
2
15
9
2
9
5
5
0
8
3
4
0
0
19
0
5
0
2
3
3
6
0
3
6
7
3
4
5
5
5
0
5
5
0
3
5
2
9
5
0
14
4
8
12
3
5
5
3
5
5
9
9
2
3
0
3
2
5
0
0
2
7
4
3
0
4
5
0
2
3
5
5
0
5
5
5
5
24
5
5
0
0
5
5
0
9
0
8
0
0
0
0
5
4
0
5
3
5
5
4
0
0
4
0
11
3
5
35
5
0
9
22
3
3
2
2
5
5
4
9
0
8
4
9
5
11
9
0
5
3
10
11
5
21
4
0
5
4
0
0
18
5
4
11
0
2
4
3
8
5
5
5
28
0
5
5
0
9
5
3
0
5
4
0
5
5
11
5
31
11
5
5
5
3
2
8
3
0
3
5
5
9
11
7
5
4
0
9
5
34
9
3
0
6
5
2
3
7
5
5
5
5
5
2
0
6
5
3
0
2
2
5
4
3
5
3
3
5
7
9
5
3
5
0
0
9
36
0
5
37
5
0
5
4
38
0
5
0
3
12
5
5
0
11
3
0
5
5
0
5
11
5
3
5
2
11
11
2
3
39
4
0
9
0
0
8
4
2
0
5
0
2
1
0
6
3
11
3
5
3
5
5
0
3
5
3
40
5
5
5
7
5
5
5
5
7
4
3
3
28
5
5
5
5
5
5
40
5
10
5
3
7
4
33
5
3
5
14
0
8
28
0
9
0
2
0
5
25
0
0
24
5
28
5
22
3
0
5
5
5
4
3
4
2
5
5
11
27
8
5
0
3
0
22
3
3
5
0
4
0
0
0
5
8
5
10
3
0
0
2
3
9
4
0
5
4
0
3
4
0
5
5
3
9
5
4
0
11
0
0
5
3
3
41
0
0
0
5
4
0
0
4
24
4
0
0
0
4
5
0
5
0
11
12
0
5
0
5
11
9
0
5
5
5
9
15
3
0
0
5
0
0
3
5
12
0
5
9
3
1
3
5
4
2
3
5
3
28
11
5
9
5
5
3
5
5
3
3
5
9
9
22
5
4
4
5
2
0
4
4
3
9
5
5
3
19
7
42
0
0
3
5
5
0
4
5
4
3
5
3
0
0
0
3
5
4
5
14
5
5
5
0
0
0
0
2
3
43
9
0
5
3
5
14
3
2
22
8
9
5
3
2
0
0
10
4
8
3
4
5
0
0
9
3
5
8
4
5
5
11
3
5
22
3
0
0
4
9
3
9
3
5
22
5
4
2
3
14
5
7
2
3
4
0
7
24
8
24
10
9
3
3
5
0
5
3
3
10
5
4
0
0
5
5
13
0
3
3
14
3
3
0
5
28
7
3
3
0
29
5
5
3
9
3
0
5
6
5
3
2
31
4
0
0
19
5
5
5
5
5
0
4
0
0
44
5
3
2
0
0
4
12
7
0
3
5
5
10
14
5
9
0
0
41
21
5
5
3
4
0
4
3
41
11
5
5
2
5
7
24
4
4
0
0
5
3
5
8
9
3
9
5
14
8
0
9
0
3
2
5
5
5
9
5
5
3
8
0
0
2
5
5
5
5
4
0
2
9
5
5
0
5
0
19
5
5
5
5
5
9
45
3
0
3
13
5
6
9
3
11
5
7
5
5
2
4
4
8
11
3
0
5
22
5
3
0
0
5
11
5
9
2
3
3
2
7
7
2
0
5
3
4
46
4
7
25
4
4
9
0
0
5
5
4
2
5
9
4
5
7
8
3
3
4
4
5
7
5
5
2
5
0
0
4
3
5
5
5
5
3
2
9
9
0
5
5
4
3
3
3
5
22
3
3
0
5
3
0
42
3
9
5
0
5
3
0
3
14
0
5
9
8
5
5
11
5
5
3
3
0
3
3
3
5
9
18
1
4
2
5
5
0
5
44
5
2
0
5
5
0
0
7
2
4
3
2
3
0
5
47
5
5
5
5
5
11
3
4
3
5
3
0
0
3
3
3
5
9
5
5
3
2
5
5
2
0
2
0
9
5
0
0
5
5
3
36
5
9
5
5
0
11
3
0
2
0
9
11
9
28
1
8
35
11
0
0
5
0
5
5
0
11
11
24
1
9
5
15
11
5
1
11
5